30867104
27743768
19817326
26671919
29020678
29232466
28450177
26787282
28111228
24067270
30553863
27042752
27281844
25818738
30390771
31967681
27499341
29232465
31967685
30543594
31117037
32024052
18381114
30067614
30390757
12184040
31462540
3556023
26646956
22343224
7744589
28343198
29953774
29398069
32230983
28415663
30753333
31625408
29020819
21273976
22906947
16468226
30140852
20368726
19107446
26086565
25036883
30640696
26606117
21968896
19793610
24172091
19321390
18336391
24822185
27249730
21273974
24804229
23434073
8017726
25011220
16149282
25320365
19027462
22245949
19811810
15043033
17583933
24313266
24846098
16316310
21273981
27169329
24927263
18368558
25069848
8433473
11192072
9154100
1617996
12603978
29040190
21463433
21273980
8574048
26551891
23109879
7950438
25952776
11198956
8747397
15209191
15976540
9537979
17550756
11355964
31424650
8420671
15243409
19193504
21233249
3047411
26984715
7894543
8718804
9795601
2284475
3094756
24224456
23500525
16676012
16221055
19332245
26102473
4216394
22505556
19931138
12928003
18234305
30452402
26605761
19948449
1555974
22010391
10947337
27297561
22641286
30570861
29278598
1959794
7894290
23676850
17701180
19924647
23022953
10504665
10455616
18096210
9300021
1810100
16683414
22300853
14578777
27093726
12471957
27587627
20187069
3059514
8208918
21557634
20944665
10370361
18372512
21365633
22949880
29278599
11338136
14702556
20056266
25351169
10218141
10853541
15478049
26972235
16050564
12075699
12817206
11128911
7888309
27141077
17845961
29525276
26102463
24063014
17339974
26125272
8914162
17991357
12078339
28561729
25310033
9619290
15203632
1407898
21452927
7013683
21254048
19837234
24283066
16633327
10630177
8513636
25483179
11925114
8431896
6247990
8015758
27142977
21118664
15478050
8431909
7889391
10577622
17017677
12463079
8063234
23468275
7835797
8004900
8180345
2014097
23006018
29572028
9667122
8898160
12893181
379933
11062665
14521807
12521549
2661090
16270110
1462422
12594936
9890697
18990435
7880751
2188227
16226801
21282089
21462875
397693
8975190
2963804
8903765
20616718
23772596
20108305
19198218
77377
18703221
2683984
9801846
15907981
13678739
25909136
8026999
16681712
15592248
9633845
26960528
7589745
3953714
23574936
15752668
15187058
8731031
27607869
12754781
21133017
9091841
2042061
6766347
9919060
12942576
8701354
8312205
8166193
17872763
22396438
10925628
9477746
8420670
17586281
19834990
3892386
16488272
21451785
8139849
20921913
15793950
20564865
10071974
20505598
31462545
5430819
11188664
910169
20941958
10780102
21673304
7028695
2696698
1878514
7845434
11858319
24000557
13678740
11037956
12586585
19332244
7835802
12082861
9556898
1796846
10071975
17633068
7791845
7646692
8033450
15053073
10892111
9171861
21142547
10204273
24590900
1767880
17212674
845994
19041036
10419754
4725132
3111654
21446087
19955906
19944048
23156309
1868732
7863092
7030378
11748967
1393741
1829905
21243744
21829063
22611819
28792242
1878499
10502438
10760979
15589574
7247268
22349584
18072713
9430180
8124848
19064385
2261382
5363960
2042067
4841625
6187917
8964447
19208328
1480856
8624287
535209
9111774
3700165
8469362
8636738
6831853
726502
441967
22379882
8420674
3250114
18217971
5469376
2644474
5600277
7310921
12915591
23913231
644966
6617038
8518216
2737852
7853284
9446513
10401375
2455476
2042063
19578669
9474592
9103921
3393102
17396269
1682186
17649843
7860365
7984877
2974514
19775658
3436455
9775270
15551463
17059048
4692475
1869101
6540887
6963161
16889195
9595174
8177564
2261388
20882880
16949028
4344995
3156313
6876418
1835584
4130317
657797
24325167
6512579
8839404
16249017
2578735
4315067
8339296
7070730
5172379
5467323
4282629
17288523
10738459
3351805
12013107
8420686
17912181
4691018
3896812
20364455
6454868
3342910
3830369
12126842
9329572
3844968
6875339
21710049
3275060
3338665
7333307
1234803
5710751
6053633
9752451
16408343
9136460
8400907
16295981
27514164
16015208
2042066
10455737
17974178
6886325
7194303
556115
5522482
8005137
4408906
6702939
2935858
15673006
3554058
5462040
11733954
12586073
15702446
1300275
6738240
3685286
2207421
175690
810229
8158804
7306473
7262364
6289948
537465
7243734
7152361
8649666
18807515
19948462
6939418
1304510
435112
6930760
729033
852016
7243720
2953046
4022524
433208
7472017
3207095
7654536
4064033
10851943
18414472
6017541
10080072
2736839
23781590
30756364
11332002
9621807
9769398
1991294
17724348
32006617
25993740
2320070
31044157
31639019
1422896
19767094
3443134
21543940
1234799
2661098
2079298
21776915
19480258
19320321
19192945
26156090
11551131
17034839
20207398
19502214
24011403
22344713
1586336
25790431
15673014
22945560
20941929
21800977
8300765
25929861
8808559
12271917
16302416
29772069
11122800
31187121
25518579
16343246
16846496
9082636
20594586
8420687
1547795
2275994
738622
15314519
23348660
25204671
25274382
7194257
29630008
8312207
8724217
1234629
3301568
8634993
6734656
23807975
26684480
8480450
330970
8784888
16760291
1748226
15285408
10774120
2613067
1001985
22469706
22045352
3388213
24265408
3328361
25731210
27284094
7379486
1892173
17020671
28845013
31462541
12631214
24654458
22359298
869673
4704002
2661091
26988534
8712303
7159949
23653397
20865449
1451284
9071893
6550541
17879946
20506601
23936953
15555197
12440820
12174480
10071968
11223350
4470202
26498774
7449361
7661569
19811881
8434555
8355375
28825178
1875867
19031970
8701348
18496384
2079294
27461600
1734148
28637006
7141920
3732922
30509078
24368049
8634991
3709599
3891363
18421027
22673632
30390759
23610916
9167185
2265140
2258075
16710043
9174825
26813936
7835803
4095113
12088468
11755576
11338696
32300193
8960987
31738206
8771099
1468703
7999723
15157647
3176915
27183518
19838931
16238247
21557639
2627973
2230415
14984959
17339973
19955908
8414452
3732048
2640271
25675916
21273979
18789142
24982413
22182970
21712717
27894705
19598208
23273138
3526756
26414573
12057050
8431899
20587911
6091274
31462543
447116
27791391
24654681
28595036
22509228
7194301
29921308
11125943
2197744
16172244
17486562
26775351
20198766
14581856
30106857
2143661
19648102
20014888
3735703
31774115
116722
20689132
24333356
10193477
31944283
15841027
15652119
2079300
8342533
32141536
2142403
21302305
17020669
138367
3323994
12782433
19454453
16824296
8835492
8836386
6100044
7012337
7194258
7837369
20635935
21123638
26775342
7210599
25900837
7980306
9121520
14696819
31630732
9917549
20144842
27988375
3817606
19761127
32486865
31967684
17574071
6495288
11396641
8280574
30718308
23857961
12048788
3291746
30640704
6857730
17986243
6836621
3224611
1285484
11319849
19227770
31099893
1916506
23913236
3701391
8071003
28615526
8852079
23221648
30145593
31685032
19383379
1234626
18088525
17009970
10806907
15756773
23259426
15630878
9171862
25894333
9170991
3071382
15630879
27358384
26513889
8995538
6484577
30045138
21392907
155561
23696927
8848846
25280227
3431147
4093016
16738170
6779406
8118268
19995689
1500382
15099934
17560984
8551730
1562469
25704437
8017250
23707670
20692025
7497150
7060992
21142544
9989904
9924485
22331728
20345848
19253061
507137
8747396
30180749
28559385
19911733
3864535
22520977
8431893
31176270
25335543
18705404
8310968
12692659
11930570
17463396
32000373
28180966
14502590
8420680
18259927
3964031
1601331
10469746
15615654
11349211
2776785
12184039
3154355
20605760
216446
15147608
24265400
32512891
32558802
455231
15361178
26669253
30390768
8431889
7897681
8737516
10428325
21273975
31054705
31967683
21681095
31424651
8995539
31782948
609996
1637777
8573450
1988892
17566840
7695822
2736838
24245582
22367319
7791844
10684707
8429864
32482637
2344967
20414017
10955156
7742507
21142545
10401374
8200365
5897123
22330607
3772422
3337655
7666474
1360912
30509080
27353821
26292709
11858898
14995903
1473758
32196436
2049270
7952791
20594544
11219945
24510999
10952124
26942255
27885265
28387932
16222997
2042059
14984983
9621651
5356833
27958297
6403414
21632171
11840413
22384640
1380000
16768053
26763553
24605763
3065684
6027694
16912173
15786860
32146389
12586103
5007381
11775463
7576197
8193964
9633839
22045350
20973257
23759274
24678559
23980671
24826386
1502896
6455064
26016218
31403859
3319339
12521548
11991929
259102
3881163
22331727
14650572
11801872
21198443
788334
8033452
4823909
6181837
12932658
3988121
3431143
21812505
21093898
26718108
23484135
10687756
23813965
19955907
3971233
26659000
22137482
18028989
9174830
28254144
20555098
22268283
33340527
14653989
20405170
19596971
24778008
15228841
26675282
8420616
30047653
25554011
30626133
14613552
28410234
1294418
20934205
21168905
31967678
23917454
16698396
470728
16112002
12477458
28271698
9695587
17018256
16493252
19780722
2696134
19384132
19509550
492101
19955909
9234911
535206
8091069
6751203
2472244
7095575
8538042
7920931
25036981
12779007
1985754
9699774
7668552
27141063
24499107
20146807
12144818
10071973
17200728
10868693
28412839
21895398
18061864
21077467
18667373
27983698
2776783
19263612
22045355
10542891
27249696
15032281
23022887
12413928
15729202
857206
18518765
8276295
1234630
20921851
25820366
9253020
19840523
12412510
22045351
8835487
19808813
7835807
8645035
16174215
1500390
11255821
8608044
24265399
9053599
12722401
1752485
30333422
15630884
30306870
28095368
3358417
26859083
26817321
25054447
12586091
9629578
9387515
3849657
19642513
1828979
2410004
21142546
7518370
6762965
21317863
26775699
6632208
27623744
27035016
11697825
138476
9189944
8790519
3969736
5119861
7424507
8635012
8490497
2737306
11082999
29040188
3770528
6211834
22153126
26149806
15729203
21941963
30358498
29672168
7304154
1547791
17876181
27093729
29361118
31800180
10639521
8535917
26569048
2560301
7995548
30390769
10976473
3757341
23156307
7077115
8647364
27690631
29429591
2099949
9702789
27798900
15535293
1593657
30570864
16580022
7889392
1234806
4192021
22264278
26768952
27664137
25987014
18935925
15613439
15623586
8369042
24474303
2027145
30373860
7658856
7832908
8758781
7060990
31405835
1234633
32083282
29932454
10382179
24286203
24024256
9264587
116914
6842883
21638024
6215076
26513872
21797118
14584403
23423762
20626265
15989200
3740148
32445066
27215391
31626761
3317759
16264821
30390760
25807841
10952123
15541961
11499181
1710392
8747401
8063232
7641739
19697627
31679271
17290883
1412628
20580524
18761466
23550866
2661086
2197952
31033462
30110192
32166978
1733892
22987945
22472541
26956552
18653220
11526718
8490758
2359510
22724902
11693811
11987569
22509867
11775458
21376285
10219457
1182682
22443200
19047114
14722050
18842102
27464744
30790050
25026637
17764207
9826462
7206169
4729185
8276312
7126895
10408387
12521547
18219798
10398622
20439111
31102366
16239235
23619104
15582885
11489009
8953610
17991356
16325619
19808814
9086341
23913220
24403496
25298327
2297640
10493304
22176776
27884789
27009940
27899771
19100914
953977
1038208
22335037
17624989
30390770
10686780
8431891
3699579
26731563
22729108
1188429
12112981
32326746
3770529
31992600
9633843
26714493
31346778
20701443
7721513
2661089
28703277
24312594
26984362
3168437
3770526
11698927
22217633
2214156
16343247
7194254
26173832
12497662
27604487
29313235
12468361
23156330
6627216
25681103
18608852
24574473
2754874
31967675
9889037
27367953
15721418
29200418
7901083
8015762
12520641
24032266
27797623
18841223
17637538
32316968
3332396
1904304
19780723
17974526
18612378
10584498
31453970
30400025
10997542
14577833
10789720
3104363
9410389
14655295
20217567
31706666
22244664
12217791
19904262
1972347
3227736
28637409
29317075
4184107
23805462
7736630
28277806
32241384
14586320
14734696
22149058
11788994
29278600
20613519
7182571
24857054
20002373
3471272
6653198
17851818
23150702
6431145
18595727
8053074
15605760
1567667
1595819
15710917
4104488
25427016
23034969
1357264
6553321
27166608
17089588
3969737
15630882
1925850
28031236
29063235
16098898
4330955
19606053
10678559
24621499
20840275
22962405
109198
24298633
6930762
6722735
29786995
22293263
25344985
22097181
7835806
23980020
19702453
10470185
26393967
19263611
10729763
19916194
8347497
28468520
9053518
7991867
23714503
19596970
6710948
29017913
7590466
79073
15891679
33109538
14601495
4216866
15176943
22564714
26002110
19157857
11733968
3133212
1500385
16831076
18336404
7125550
7659707
27160772
14989221
8765885
30932883
12629933
26616222
17169713
23973712
11062711
11684112
7835811
3660477
8541026
2263808
26028065
12609805
27353818
11110326
20184540
11001741
27083591
31955565
29572795
11236537
1444227
6922072
17291227
18386953
9134308
4750822
17493671
6706234
21380785
11925145
27487106
8431890
27852043
9949286
2456743
33038905
29953778
3800215
27302954
18726895
16807456
19487541
17471564
16174214
4031573
17844892
8407278
17698802
12861175
1989917
31876807
18656380
27898521
16157931
2102308
8941429
20975354
6379540
22560868
2661092
2995516
16198397
29572387
14529658
28039463
25736266
28845767
16221374
20154587
23094764
15066925
23650667
12743902
1627364
29492948
17532369
3688958
4580810
31473885
877969
3718214
4023542
27078511
25727651
12902448
30572025
24960872
10955447
3447412
12619322
29119232
3765510
12217748
654670
22543914
8054286
32132047
8235778
17157627
9678630
27174875
25993191
2472245
4048977
11699376
15639276
17634541
31271703
6462573
82318
21944035
25596884
20885447
32446364
24952258
7126896
20975357
406985
3808507
10609495
4962755
11336573
20882887
22545288
25304260
29795040
26861465
11102625
14730048
17183353
31829836
18642944
8259743
1538410
22210309
7353206
21543925
17258042
32211793
21994038
8728689
16996383
31016892
17877670
30604635
16202764
11104602
8469449
2190628
9345830
21999920
18700291
33168565
25734633
6459037
5983146
7481865
30048638
3079491
11006746
7194253
23686717
21200134
28445301
27737724
16535764
141514
27031123
31922217
9791573
31685557
1234637
18535750
30683267
8747402
23988413
24895217
19292810
11122801
29059427
3919934
19856659
27026228
15029751
11602430
7461546
33137578
31673820
19174576
10787220
12324880
10499594
12743135
10479513
25026276
30141520
10726613
22702073
29369605
27477495
27304054
27905052
72962
23600210
16343243
1587296
16855125
31646553
28823141
25881604
3822286
10926797
12597350
2199246
8345147
15171306
32192517
17646863
10975556
8349157
26124361
24857070
10764445
30390764
28830564
3973437
28891731
17296814
30704616
28614136
11851163
7835800
26827964
15468897
20364367
10422681
28511565
14581427
28095701
11242643
6516275
18486736
9596881
23220508
21531012
28782606
15964871
31560828
6687014
7889393
15473410
2617707
31099685
21159046
30473125
29538252
31883617
16901687
8091065
2169067
21612813
22543911
27058839
28881380
11798075
3796051
30297273
8180353
24532025
17998283
27009941
17315163
3856794
9061319
16873075
28604447
22843932
22119973
25909124
27023470
8264259
12088472
28866430
19755991
31967677
31596958
20597610
20862799
6237194
30646939
22918696
11458578
31837336
21948654
12956121
19160263
16343227
30216013
15818250
16710044
3332746
32253106
679129
21852260
12959184
30913193
23013733
27862665
27189457
28538838
22935582
27854255
16581520
17024868
2802745
21735691
32012728
9772441
22489351
2143398
3848539
23045324
31414175
6616434
9261750
4057458
1386955
27557390
22644217
9828517
12126843
1605991
30914525
22579791
15598466
19509557
16766430
12175685
25483274
9633841
3405557
10474754
22504673
6190318
30144064
25269497
15597841
14613653
29232467
30813239
62114
9156281
9890698
27058837
14656283
26737784
31307510
25824714
24727989
21521830
27454765
19422865
1445142
22490445
27981507
22032838
30982327
28092994
26939616
8526359
19017820
9159259
11198031
3465535
8319183
10850331
18023850
10671660
11535981
6371017
25168677
27332415
12895369
1583784
23801640
22688964
12444849
7130784
8903485
15668638
7835795
421190
19223734
17477890
620265
8118276
2802748
3140075
12403096
2042062
3421242
10442351
20372062
2744626
23822892
19403162
29599346
20017460
26382993
3740786
22543917
2942801
1200073
20099491
1746705
21806329
4029199
3982731
32234508
18751410
8714791
24046291
32702865
28860440
7371581
20699376
17573269
17400870
10883018
25083896
11166585
15679262
30223696
2696699
23708445
23913232
25631188
21355863
26241347
31309818
9494598
11358798
26739150
30853443
18072671
15943990
27343009
23097870
21879821
16620071
6374536
28939343
19258945
2802747
7530679
3843663
703426
6229927
8166191
15702146
25448457
30508594
31799647
20080457
22126021
32552175
28704327
11935494
1743563
3770525
6672138
8126055
3931767
6352136
26391759
20679035
22634496
19072449
17337783
24407581
20564391
737947
9740528
18347155
3011225
11451584
2802749
26382991
10519443
24183269
18425333
16515610
9644684
2746072
8557225
21503633
30317560
15535309
3008807
26638963
23616046
9038264
1764383
29781468
19897383
11910333
31302627
17726788
18338239
28430593
20002772
23649420
7705664
3391190
15884203
4172091
27281838
17921097
31124637
27059191
29895102
7121923
22638913
23266352
16136201
7215950
21391898
12413935
26707055
16343193
20083225
7523638
28133347
22696162
28162287
26758578
15297217
10995813
20556785
23962574
3463828
1945201
19944049
392379
9506040
19263514
8177464
30636239
21692699
27418226
30913953
22185350
17437016
2305307
3475591
7881476
31399054
26318096
29380366
6880471
29089332
30228165
23933889
22252659
25552305
26049122
29909423
18329082
9477588
30587523
21761360
27418218
32382112
22281513
26411361
30914526
19601460
18303475
3899087
7066260
30830551
17018732
16167928
3681067
29487129
29555331
23731285
12520742
18413372
26868087
16750423
26892153
4612161
3599457
1393742
24460816
11526701
17266030
3182105
18198500
10873417
17195451
24501875
16306641
17219446
25837811
8402458
16328030
7385713
17260213
8739648
23913213
23591842
31362769
8377995
3155643
22554543
3552976
12798528
1634137
9609073
13790193
948376
24357056
1960838
6107633
8706595
8462909
29098560
7884436
9695328
23991961
20495740
9827528
14693068
28365938
29327155
20023201
26845340
28957951
24265403
24476895
9484630
17144239
15032272
31895688
20841951
1320125
25360186
29384793
31534498
7835813
27605068
16579172
8199997
17218845
18384939
16788846
6371459
28546548
19176238
30144061
17510588
9611049
26805344
24265398
20485165
1417004
6738953
25834913
17333642
24265793
8630918
9061325
6876049
10491420
2723353
19856042
15535314
8960694
23098463
19273186
26291650
20733460
23913215
32482638
15907986
22274678
2272432
7668062
11025861
16556458
24057813
23342667
30326857
29431530
4476582
17706272
10470188
23484144
25163878
22229703
19760286
10206408
1997846
23902592
1397953
8765283
24475574
10047957
2097148
8432510
14656269
15050477
12354469
12592431
29696411
12126570
24318356
2230912
11972407
26476542
26821930
24953376
30247251
27612977
16239238
30813180
19179092
8688336
22490843
12094133
30060827
25458956
8775680
8208516
16389009
22750893
11205229
3000668
23167607
25271436
24316306
6258537
30608899
25050322
24325128
18061863
29569937
26214642
15228418
19414343
6638105
3104916
18546624
20829525
10693371
31568690
17055255
19390450
10422684
1234638
1500387
22639775
5785468
19482110
10952127
10506641
11526699
7304575
6368240
3027828
27884977
24321398
5412843
3923573
8431898
8480957
19176236
25546932
1811002
8188111
17725906
17614126
23672929
12824924
28133328
15885233
11355938
12164556
22554545
8631007
2251477
12908511
9751258
23240575
32155399
22168761
7723485
10337073
25058000
25672085
29360690
26915499
1626181
29174056
15957979
548356
22797429
1419648
7126898
17892451
30390767
9229212
29079264
24033430
29480993
29385863
17957523
17636423
12911715
4027207
2227563
20332054
15630880
23578538
6693052
14675692
32359364
11104334
17289129
9490466
27249596
27514168
6732439
11555720
17994201
27694003
16446607
7835792
9633844
9484627
32083570
3467785
25686396
30285763
8192108
31398144
25033677
18057520
22545287
22180394
11880209
3368809
22123709
26118881
28681696
15757446
24056005
15128001
21945869
27636713
18217977
25306618
30262385
8918420
30390766
8801686
18028381
28735703
8961701
24716275
3851027
3848538
29100532
8420673
27765277
19876511
1502893
18539090
22525820
11055481
27090655
1576343
11848553
12153671
26660323
2144746
32160916
3973445
3785802
19087766
25757679
12126845
9366627
3469916
11985374
7219403
9234912
9880890
2379990
27404380
7977550
18546618
8010219
26826383
11586046
22266934
14603350
28978336
28513833
7641664
25615934
9081399
27272175
2680799
10071971
12139233
27865654
27807064
12661373
27418634
27354608
2383476
16390709
26549570
8918397
8418307
21736431
27327150
15957984
27258728
10868028
24848074
23234010
30543932
16619247
2788456
28983627
2754287
26850282
10784640
22856468
17343610
18081788
10636514
20580418
27102249
16483720
30733192
25155399
19071030
7576746
31263022
7742598
16223028
19217148
23362519
8835490
32649652
26415382
25807436
24112995
28338235
29698834
28422831
11180584
9644439
27615398
23238064
2976323
6095665
25601962
3082643
10646240
21233246
16277901
8060753
14984970
2079301
3772414
28857784
30831081
6539727
25449569
27958619
30306725
1234631
27706635
31743133
8726882
15755020
24997727
12181238
10895180
19999478
9121522
22462075
8995541
28441250
11775447
2227589
4024563
21324516
32620633
22482992
23913207
29767887
6179584
18470522
30718316
31677746
26486859
10985879
31077237
27857266
18951210
30724632
23098491
28821817
21532880
18041413
16028376
1277113
18561992
19718562
31957816
9780508
4309819
10741302
29428722
2807011
28373449
1547174
21838147
19702475
25708800
11683313
21764518
28118613
23509802
25150317
30695681
31449760
28444622
28551615
9919339
2414384
16375643
11716003
8150532
12750273
19370622
22543912
8824566
1991314
22335580
24501879
6085256
27519966
27320132
3341270
24858042
30288903
14692152
28692889
14989220
29357908
7899684
16093804
4550548
18198501
18722004
26270119
29232470
24603616
25033687
21694728
26351524
27779718
11371128
17685871
31610667
5750437
3065097
22534325
11772280
28574782
28319068
20829526
25744846
21678638
8634994
3754094
21834494
23337490
30887020
2187523
7844443
26236750
25964591
2824396
24065015
27272793
1538891
29953775
16154373
17320281
1790947
25812535
10228904
14766246
23303278
21658840
17094423
15197010
3617994
1036972
31061096
8422462
12402332
2292141
29275359
19509562
387545
14734157
25060098
23276977
27074572
29224846
17719183
1730124
16227521
28864131
28756722
2599475
25664440
858485
28877609
27565819
16980239
27649789
12168087
24265410
20419965
8910633
10822697
2404835
8130661
3341271
22591422
10789230
28314837
8062935
21158324
20956617
11420840
28237618
28495239
19603021
1767512
24917888
22473692
27229159
11034959
7923008
27208538
31745637
23403216
3142839
19791834
3581744
10474753
15991523
26773418
8777265
22846732
11239553
27006072
8063555
2660860
26323381
21287539
26959121
22151920
30009497
15183619
16894298
21482037
15790445
12691308
19327216
29128106
4212533
23313738
8306541
21318181
28034806
26646961
8414467
10897870
31446811
11685876
28625315
12529336
16038052
11214611
26961668
3935743
29538021
30839285
3549317
10706647
3671108
12798730
7483407
17197745
29125478
15450265
32311593
20552853
3848542
7410928
72210
22768205
28994564
30952819
27780361
7885657
2397297
3995383
26549419
8684165
23006973
28365937
31648981
11775948
19031954
14624228
31403857
11176227
11768679
8157188
19955913
25587663
18559571
10521063
23871662
31559796
16858448
16224447
17585134
29746868
24853194
31374028
19779839
28886321
2209838
3699578
28885426
26851957
22978347
32130708
2703158
19917530
8505002
22266777
18777954
23609751
3480793
26707193
16530561
16916986
12798717
19910893
26243395
30733277
24658065
21668036
22112481
30910850
22109667
22969352
27095190
19926121
10949380
5722892
10219446
10329039
6449218
10752515
15710918
14619841
22712262
26224579
16633061
11776157
11055477
16904167
20397552
14727590
14679145
21273346
23564483
31203199
11775454
1986629
16368271
4329950
19955912
8085858
12183965
3195710
11948471
30970628
6540819
21557638
32009452
19639201
27009938
3906479
26065472
21288180
9173272
23050669
17108876
21613959
6237197
20149423
3574745
11776158
26191180
22456174
10862434
19574184
24283071
11263946
3806157
2661094
8168751
8353068
2816898
3114078
12437120
24265397
22146768
20163951
12893213
28540830
11570411
7981486
26123901
20001802
19422352
1291223
27828713
1877597
20943616
26116103
16515584
9159332
32517794
22123712
20371708
20839002
9441281
32183851
12406048
10206652
29890249
23277080
1585745
4834168
27023910
27931282
6488215
21067600
14751164
19948452
26706987
16675570
22911634
3224088
25011213
21839497
25168575
8438083
22910694
15949430
27809800
23648467
2342634
15018172
7906681
15262152
803183
27388695
12821369
27107721
27235858
19357017
18055006
14533449
29252925
26352580
17977179
16925492
28412352
19027146
7987646
1923173
17161674
445304
26246468
11006313
30914056
30919127
29525047
3408255
23082132
19593703
20833283
19934418
12586096
19550131
4340440
17907699
6823360
413919
21993845
22155675
26026119
15361179
9324324
26382990
21687948
18758637
14628225
8305389
28569074
25911324
8116728
9495231
2079293
447120
15991520
8834576
22045509
12619292
10560705
1747658
9176436
7788741
25244152
8314131
18485155
14613652
19780300
29987401
15809522
21944034
6768428
20944108
3163419
1448359
6715399
15242311
1904312
24708099
2386902
28441249
20591472
26189430
2982618
2646186
32920557
24511114
8987948
17936883
17070570
7126897
23167404
16824035
17362309
14973413
16622117
25871281
20797952
8334233
4050189
28073598
20309942
23483376
30555018
26679603
3422324
18546635
31355450
11499690
15784831
22000491
26638961
27327149
22505521
31364594
29338446
29535157
21176316
10470157
32127132
23476978
15788786
2650995
3166484
3758762
544571
28314588
16818037
11935302
14596514
8102999
6469089
8826214
7194260
31403866
7323557
24253338
26478922
1972136
2653700
26351313
30105925
8319269
16552510
21340013
16195942
23640220
25587539
12017887
8308775
6546732
8923798
29040187
7578411
25779534
14658432
8206067
8135470
10219449
18375912
33166512
10785468
25688960
27051058
29247747
31858981
30947657
28114995
23607173
30859785
16434990
6413623
19708178
15063971
25969350
8846933
24218521
31662536
8347492
15533916
11368858
10462953
10785487
1479608
10440201
17220511
23521196
16768055
10402722
8351900
23494898
21381011
1891916
19082223
26282217
16827237
7729732
32569489
21905469
18766180
11783384
24555961
17597582
12556707
2599461
2351639
31281536
21943964
16188302
20825460
29693704
16221382
12961105
25776533
8697412
20515946
17408726
25831456
16364690
5746620
28832475
27718164
28176296
16800244
1276626
17018684
27806912
27221839
26541098
2088035
3830218
28357631
16675917
17116421
21137051
15767348
29303228
30310931
31983104
28560455
25256594
29156299
22759740
8272761
26621509
11965197
29472315
23030488
26691939
22771929
1953056
23180347
10750411
22322362
25725131
17617518
8718547
30998513
22575381
1987493
21158701
15545500
28124180
15297169
31711529
8135488
6792793
27241103
33523489
33523468
29554168
18284455
17184826
11021604
12088336
11606078
26957480
9093148
27561100
29020823
2939750
11104621
3334968
27992377
9337069
24328557
22025930
14973412
20817226
7060996
21724568
15865107
2661084
8440455
33285729
6958253
20674535
11504529
3933277
12694661
8684684
27029746
10893664
26555399
28691938
12112979
15108581
19133602
25728373
17378122
26040191
7835809
24662135
26213845
7101824
30036231
30896502
26617715
3780810
24507759
16264930
15755003
29584456
26003142
15361216
29636080
4040024
8206407
25316177
7147826
19288217
7835804
12635174
1845083
21899778
30226534
19955918
12722394
1585741
17570734
28471201
16829123
9828516
16540635
19620937
22964825
2295452
7081202
1531572
27353820
31819328
8149792
30652425
7761095
29054568
16316835
17509876
24581128
21632099
18336393
17488735
10612175
22680617
3653773
16766428
10734306
28951992
8252483
26390689
1306360
27565324
25395318
20093589
27672055
3599995
20523098
10525383
12768874
24338278
30157901
7558434
15163166
27010138
1699368
12718996
15167861
27444797
10780786
29232468
19105530
31251556
7904177
25024053
9695576
30362844
8780913
21951745
1544716
2720595
15960367
20927744
26833043
28417928
1473756
16264186
19481241
20459916
22914471
29499525
3442315
11290546
29791275
18336400
30166697
19441089
27741511
18298566
27581327
19636370
16018136
24936210
23036050
9063481
17654524
2079297
3222007
4439797
23156313
12724492
10742968
3338670
30396341
2661095
12821333
15573743
10466671
19204659
9121280
19817330
27988047
30927479
16033059
18269344
16267789
1234624
3808508
1827269
28558767
1752505
29394651
20592895
23850170
23846493
15099935
1351658
8518218
29136731
22106167
2241181
10502432
3761490
19738164
1417006
29187221
28721753
23182787
21080822
20230172
15686601
27400589
11828267
20093557
20093593
31039792
20845801
19761136
23504482
20658746
28411390
12971249
21138547
23839499
30594555
20721960
20113693
26296187
19308749
10216509
24265409
29761503
26724464
29752546
26992217
9815585
22581188
32264761
16633908
26743531
22538964
23978091
3863669
26214640
17213257
21106067
29693889
8312197
22524826
7789884
21735143
23344037
25483711
31577534
17766655
22027747
17952741
1386995
865650
25867973
31870100
7742008
7835808
7775151
3791928
12660930
19031629
7606063
10815478
11488995
29205122
11845754
23014947
23555554
10952121
16237564
11972385
29130934
11791947
455304
10367175
11586410
15535303
17108216
27331230
30428884
11759652
11084571
24409896
30871433
9121523
25132025
30887252
2065264
16169062
1853918
26597460
7392450
5872509
19051824
7835815
11136580
31897818
26962950
8960089
30087058
24796616
8688374
1612511
9676849
18221779
9704705
6918844
27798862
10757645
31502152
24641379
3751378
22138003
23277333
27525945
16033074
23225521
26275295
12063435
2375223
27916269
6292143
31354741
18611005
2214157
23725504
11159742
28342812
14605460
6369776
15802397
31398145
16044148
11794298
27550528
6413113
7848885
416647
27621047
21075437
8494699
19806460
19249225
12798709
29179183
10215439
18537813
10952122
8082450
31025149
22274314
1305141
3676656
18314621
20498597
25636451
19141360
1473531
18433977
29984656
1606064
15711417
23295939
15151733
19444623
27935869
21905468
12586082
29976638
26384807
3565459
28443762
26992227
9882212
28334492
8535018
16711247
7904720
6163684
27352561
21513424
22900808
12971247
31128298
23904094
19509555
18937707
20130421
26028492
32296104
29118222
21113691
3135934
30449229
25913132
16626793
31722968
17597969
2002855
16408373
22863016
26148603
10378790
5622145
7708078
8513536
31456347
28388560
1583782
29202783
29787008
2472243
27287505
7824255
18349292
16403569
8118269
31659099
18076136
26046426
25093226
18217975
19744347
5574081
25115278
25045428
15790483
9296212
23633332
2472246
14997498
26567444
24691555
8747399
22938418
9275407
28602118
10202133
22684772
22895947
25892674
32988917
26775341
29664840
32563147
28494447
15844187
28043912
23890943
32459417
12826043
30003341
4128004
3532278
23421471
8777256
15381934
2076648
26404751
9836481
2275986
28292312
4040540
19581232
24852917
1693586
21144559
7416810
11975680
23407147
18567287
17986238
16129845
26080288
17166564
22292752
31910635
28574829
9214724
21894353
29962380
21741079
17945413
23165217
16229881
16924785
22455133
2661085
9289431
7999691
2434015
7997808
15354347
12632928
9061389
28803353
2214675
17220685
28888784
19500391
9458326
27351098
3592708
1851084
31549859
2141643
14734697
17018733
12322838
19051815
27127105
7536123
30092674
2360592
10609494
11404488
27115428
2079295
4051356
21577013
18083650
19546785
21463237
15893369
11840418
11426969
18561287
30537154
26228528
265013
30334417
8312203
3526755
26042956
2227548
11130621
26328593
19338204
3414208
21602676
28949936
9619286
12959190
21347681
26929186
17877669
18497976
22092927
23233066
33327306
15044106
18366960
17868343
22543919
23913217
30107913
2433652
23402742
32111792
20859152
25997828
23536787
14656272
17607916
9159261
10435694
29086618
32351985
9291435
13956958
6699447
24246795
27908531
29573822
27264212
11320521
32417846
7977285
2187770
18309960
19256766
20666736
29183027
19330839
8615899
14718015
3172517
26408716
7910134
20578182
12163323
23307860
6685195
26531004
20051287
9378157
22076164
8015759
23364291
16419211
31659108
11606088
29605737
3174681
28991564
15677891
29441937
3477461
30722107
31285390
1468847
31419925
31967679
1974959
12394306
11116449
28832484
19763445
29633308
17762578
23555905
24287951
22591418
24024328
3414654
31656201
20032655
23274561
7496181
28456378
20119575
1615663
18843699
11995270
28796078
12929858
15894365
29072978
30698271
24423881
25095977
10810628
8335397
3422695
12627605
23954901
30055585
12047311
28601063
21329655
3705526
24960860
22274679
21750141
27049967
10416009
28759301
23138176
24604205
31126679
18809611
26976990
27093731
9633840
27284942
1743560
21502390
31322224
2250914
21273978
25230021
26503707
31726889
9197897
11718028
28774462
9459156
25383459
28257597
20035894
11695352
17141679
23554906
12047299
30188440
8319062
17918335
10095276
8119569
23289476
9121524
19077569
23783145
28506269
19322891
12388918
10739697
1524888
28472559
4003469
26026105
24294399
31311684
25510814
32698041
17068758
20041486
32401187
10427474
12711282
25448455
2595221
9667284
30350916
29769618
736230
26080289
20564390
2731180
26860284
2601371
18661518
31355418
33545921
20714165
15661212
10549956
27052730
12722397
21109932
28190289
7481863
18607880
24398046
28931370
12521490
12429618
16299225
20811673
10761396
30323565
23665025
25434634
21931032
16540155
2667627
26648301
12112655
24535383
2915859
9770853
11912137
11016269
20473725
17150022
23270461
7450492
29451070
10337336
30683677
25808671
31359385
8218503
20591473
22907101
20042265
19903070
30614797
21132452
15693151
25086744
15952868
19856603
26825617
24726482
22108636
24720627
1500392
27249695
20933255
30572097
16716801
10209555
29205312
20975356
12691316
2287087
21318480
25179810
6539159
17512352
1358332
8971534
18035404
23768958
2668555
16020955
11790279
20016237
6358558
28759154
22964220
25776484
8040839
11205196
27697794
11055480
20668268
31361606
29057791
26925792
8118321
20363442
21848504
29393032
29569984
21035174
25879527
26411955
22593197
7678757
31462542
8420678
25686112
23832872
15027884
16302418
19385377
10744081
19480240
825779
22263801
21281038
24321400
1728381
3181948
20811322
19281776
23175994
12576450
30932880
26100653
30924028
7828604
406788
9187463
24463159
20019873
2281643
17397905
24054734
21246292
12353672
25355640
28784419
20093591
7249258
30257720
27352555
20165986
15025408
2728673
2737307
29761322
24574518
8397153
11943895
373445
25191729
8468723
2400748
29688903
24257481
22845777
22335019
29512470
23536770
11216917
24605893
865728
9793336
18336392
8173166
31081075
16998830
24422892
3978582
28902355
15729207
27139908
28079603
32988875
18843688
6828269
30622051
16463667
27323405
16283147
23988417
21345724
28119296
30910306
21887486
12781045
9213468
27624216
3777055
22959913
17209309
7828602
21120647
9121519
20697805
10745719
1813209
19165605
11320934
31114986
2010780
11592776
28837575
12076210
19772939
19575525
28412364
15863124
24147962
3906478
25300775
29130659
25895127
21922146
11588812
21531448
17234261
2589307
7622307
15866597
19010876
17291239
16174229
22896662
3803876
18957059
18498723
28620901
23156290
21093893
1810101
516573
3840828
1404714
11299712
2323059
7114357
23694979
15655869
18611907
16186593
6839030
28030808
23450588
12522018
26773421
11304790
28403964
8573440
31262254
20090255
10760838
16682246
24370920
8149794
33288586
1541429
8636741
19005980
21039327
17315909
6835277
28857608
29214776
32456078
2203316
23474070
15535291
16293160
31519183
2591451
2999669
29240605
8995540
8118277
22640710
8205289
22641176
17621726
2419812
20184986
16523008
8137215
1531682
31864706
31387176
31898652
10574264
9499545
23274563
28372872
9103388
8435220
22610942
1785152
26571838
7547764
4215166
2378187
28498248
22227042
27091633
1354280
25003226
4351522
28722495
12767071
25797080
12619114
32079713
15670293
27175848
11153145
25783620
16379322
2381211
18628442
11309326
28073597
31884974
17643943
26063585
7959280
2792906
23972918
16137751
30850437
1592293
31754068
11975969
31346700
23394483
27986398
17278887
89281
11426960
10650794
29901108
26531754
11180583
27798901
20678156
20825051
9575332
11606086
19823055
9745394
3525346
32228639
26762486
8967734
2143914
23811037
21955482
30049609
30121963
24949865
29409111
26175272
2551992
22714061
23982701
6403635
12749178
3160189
19661355
12413937
12885364
19460582
24591819
26373571
24443159
27249597
16199623
14687794
26868067
21491400
7549817
12926151
26884372
33388455
4075635
27290838
25287437
27160726
3457877
11206843
9043039
17225260
21160193
1303613
28860439
22708985
32878818
22389439
2204935
15846565
10408412
1583787
26800494
12648587
9732222
12615725
19761122
26819954
17687167
26185017
29424918
23502451
19574244
23054938
33122245
31146417
32323796
21777513
8575846
21675841
10100710
27673409
4580808
24228113
6875345
18765327
16885652
10925917
17512855
24427349
5110654
24207094
32151375
31897811
29734524
31301414
23075239
27040353
23202957
24029657
30909184
8134734
9053597
24361578
23502452
2472311
11606116
15820049
95453
7706852
30711354
1855166
20604741
28726781
25695545
27063803
30810870
21543941
8445417
15127636
9259041
29866477
10542879
12439308
2745033
14656274
30065203
16343177
17479670
22982616
11716653
18211668
3169090
19954826
28367736
16635329
10029442
27553367
15535302
10474755
31037967
32037193
2921809
15491761
4245673
26549109
5639577
29925470
9168189
30099907
9329590
1468704
2620864
21438841
30255344
25502723
28641048
30416194
103615
8116711
18171606
27129169
17939307
18006920
31382782
2477316
516017
27141066
3768834
14600100
24778040
23188549
11759653
21862119
24133590
25336142
23438830
20042226
12086867
24772910
23589350
3335391
28429443
29674498
21971665
26093061
24142805
10530609
28849036
15548682
21789787
3372606
11263195
26102466
7741915
7297929
10894872
22080892
26221903
17046589
23064058
21438196
11489004
881128
7905150
4879372
27703207
8153846
2498440
22334034
11332145
23156295
2127766
3178164
2893084
18175813
8340647
32748054
24131965
10805955
26297547
1555976
8515915
26976992
17438097
28327917
16862170
19317111
20136634
29623417
30710757
22180401
2981193
15630881
18065745
18256912
16753691
15970018
24100588
1254157
24565562
30046596
21819252
11774736
27145024
2626375
16752501
11251013
27779544
18829421
29168665
25866323
24998548
19621443
25108572
27837639
23623832
20102688
19485991
29127342
24081795
27993805
2920956
6431350
3175293
30201233
17404021
30016515
23156305
16466781
26747297
9784311
16243384
30585019
11489008
26080287
28060758
23113749
17957102
24099447
6385256
3811914
22094932
20973263
31986064
15882185
24221243
26644004
8334634
26165164
27068278
24507678
24102732
20110551
20093590
31767036
10861460
11709277
2170137
20843202
29975922
29683235
30792175
28741395
1541430
26603345
19007973
17292456
30257970
22588338
18035679
4007609
16261409
31081304
22157029
19704232
18059193
25556613
8015767
2613051
6764617
10542772
21319511
12504620
2239901
15197013
23522320
22155261
19235559
16515588
8747404
23107758
19619303
8093588
25285606
16258091
29135088
29914567
30523702
21702971
10851538
32046380
20619389
20572429
19443405
1579329
10831342
8387543
14981904
27250888
427055
16103459
17294718
8312202
3681374
17076198
20939235
2410645
29704813
9049704
9674873
10219447
7590766
26991710
23197271
15670896
14658598
9826475
3276825
27993794
28779965
29545331
23067691
24923303
6533499
29945782
1790953
23620175
2654332
12544500
17478446
9154717
27737840
7982516
17971902
16725183
2045855
12586081
23814843
22384697
20513643
16053181
10076394
2736837
21436615
19761146
30094535
31661436
19727719
18279065
21343791
18591560
11104033
25628105
15025793
3621185
25818671
23327056
16484689
16564074
31989304
16428467
27273936
22135044
25314936
11218154
26487491
1904311
7972677
28800944
26096232
3639210
15535287
4176467
18506140
12168882
3460273
26639242
7334260
6787963
29676714
24826387
16764764
23272673
2001544
25594141
17300678
31160072
3705193
30223698
22037332
23748823
22274690
22203759
8118278
11748971
31001284
21215996
15670292
32417761
1341778
2667431
1729959
29933028
11989013
24217840
25807831
12610205
9600812
1748227
2902454
20021329
2393311
392377
27468546
7663536
8655681
19738165
31679190
8416457
15157857
25868966
23156312
26694829
3621453
31074636
18986688
2026304
30207742
8505808
3576083
17346477
28459207
9240915
17441897
32805252
8892494
19903743
12439556
19017553
11425815
1468698
3338671
24725017
19517192
7715326
21285151
19013789
10996969
9050487
15702447
25374251
12144830
7654437
2709654
21641967
11076307
31967682
30654010
28215839
26457987
19603478
11535984
22970307
24532428
12420955
11930694
27634150
15657346
29843758
6696818
17623233
9238814
8590696
9264194
3162284
2184877
20130500
11093055
26677589
9516977
7664762
31450179
17883046
19202635
7635030
10228537
26521923
28286267
9363873
6017545
31192919
23903048
18155897
21319052
5089481
12724229
21614929
10949993
25178997
19942270
20673970
12556708
26735889
22102857
30977516
19002175
27986270
3259680
20530719
18328549
23744439
22949841
21683865
23098503
24673814
29135568
23564768
31172430
8008329
31936634
23442605
25958744
7157425
8721056
15948670
16264185
15905036
14733039
24246402
10776968
21439064
15729605
28645120
20015012
29239277
30887698
17875760
19012856
12166340
19822359
29784743
24738132
15107258
16515565
22994771
28851172
11189880
10767997
17936339
3430006
7658479
2193249
29490504
23428269
31210292
25975633
16557592
21550466
21061791
3338662
30876828
11327092
16000597
30485590
33006584
7200025
30761416
7395336
10408416
8033453
27385216
9043756
20445161
24076062
11213094
16278422
16172226
28062021
22361335
29394752
15535300
30905732
24219736
20943618
1143727
19856043
23980374
8428697
22262714
25827292
29078115
11330452
20038306
2305199
7742515
25248112
19104352
17367321
2016624
23600304
24364199
23450560
30810880
19919915
28277121
27734215
8651607
18704281
1297644
19360461
16110006
32567684
27878291
6682943
23682451
32204988
33597357
8206075
23939449
23539753
8944076
28751475
30538055
7590779
24889916
12413936
85948
24519100
25270772
29727613
29331996
29240604
18039620
30777045
8910637
10365113
9594611
21683503
16082249
83953
30570740
25925865
26422378
15381472
4684204
16515614
27484100
25180461
25473022
12817877
17376520
20803206
12047318
30727030
24267818
9137413
23677535
32682649
16461565
9710999
6745731
28448857
25048476
18589210
20588232
27819677
23578493
30930417
23144153
17009642
16515635
14998291
9553672
29525755
29922900
26496279
15257914
26206420
7881493
27162313
21680807
17884841
32235536
8358448
1626170
22970327
30390763
15823107
12835670
17664478
7835805
10340050
18948387
29048644
23226302
17926975
14712153
7286751
8658018
2475526
8515914
31284859
29894468
3258096
27764790
9275432
20112269
19066131
24103273
18427574
20448348
25142627
17689654
27119509
25101855
23588898
16807454
15451569
16527602
649394
12558666
23266651
16158952
29231068
24117034
27507600
8379653
8118275
27921447
21844212
7742725
17986247
22059911
8127536
29029759
28849175
7492905
1743564
27100104
27345498
16515563
28504421
19820365
10422801
30456593
19526059
3243980
25409618
17270028
11161875
31739800
23644922
26390685
11488997
2663620
11812075
32364828
6578366
30045139
23856908
28941658
18487966
25198378
9329571
9293169
27242346
26258986
15516443
21505456
26191270
31503014
17726783
8622053
16343192
30556852
21576813
12778998
28009133
29949143
17080178
21802191
26213923
16202294
10074998
445505
25209149
17903229
25818743
22707515
31341906
32358898
11925113
16979430
11926891
24975967
22589409
16956044
12445258
30371564
26772918
25047817
28950147
30909510
9641227
23856093
30147093
21835539
3618229
27470550
25437005
16084575
2967052
5160904
6539505
730023
18948386
30712964
18467848
23018213
31178150
21320028
25391361
29222021
22115853
23970060
27354590
10952120
28590547
17701773
417410
15941077
1999494
3522374
22469921
18690166
17400284
3070372
12649182
22779721
17000396
12858485
23528018
14648973
17329515
19846910
26191200
28387912
1911231
17687164
2265370
17211468
31365748
24447203
27225819
17060970
9206869
19329270
15535308
6741003
99399
24327526
32096072
31196575
32345304
31041680
22992944
19879639
27184229
16847550
16174221
21678351
31454432
12928004
21860208
25591549
7821846
27881340
17273775
18990010
7855711
28178043
32525512
28618935
28258387
25644442
16278009
24122662
16875720
16632260
27458100
24615723
9818066
12469928
7388825
28448592
19550125
22845405
7841053
18006289
25740748
28320418
31251694
12844427
11531277
8091067
31142357
3859676
11584998
9106648
148161
21457553
27072580
26166348
16036111
28929459
15668482
27172764
28732327
9714063
6693048
22278130
8828444
19854496
8978593
18057523
10408851
17479686
26406304
23200482
32305830
2227559
16615184
24040982
3665870
31363077
22179492
8306273
23958394
11745806
29783891
17571946
15535313
2691459
8420672
9474929
8790522
24366298
19647308
26335131
30700327
17164377
23091895
22563698
15455696
9387525
27090157
25050383
22747104
23328144
27737915
26520143
12820486
9174836
28701190
21498987
18947860
20922804
23262379
11585421
30303916
3276289
28940023
1234628
10577927
17291226
28916370
24080421
16964697
17367325
22155676
8691834
28165651
16736962
26363476
32589888
26807493
24743194
21496889
7942870
9418545
26259392
12966676
27072805
21079136
23086133
29393390
12214736
29929922
26554540
31456796
8322710
29960709
24164300
27644763
8112634
11104617
8217976
22923512
32192508
23065168
22713293
15285533
23913228
10615844
445608
12217743
16214204
30236079
26512788
2048231
18829416
26411956
21979592
26651457
28542980
509061
19036171
7070728
29572027
19390303
611253
14970738
9888485
25422243
27235857
27784340
30471899
17079882
31875843
25731059
10646867
20688362
29295697
14990648
2180564
28806395
12717301
2585733
23379421
15313930
28685895
26015570
19282687
15955864
9781597
19820358
21489742
29938608
10195884
17177027
16413601
25387732
18327815
19402079
14560537
17285261
7914922
19897232
29056638
26896463
26638962
11857010
1731279
19250360
10942515
20615452
30468460
27716873
24352695
15863147
19822418
25663289
21241213
26419591
30176647
6208925
3732923
23913235
10509789
2634759
20664381
24414460
32743678
29937179
8181580
11697218
8406189
15160991
20682985
26764240
9816301
30066907
26382992
27146728
15054458
10985884
10537352
18515243
16396153
12666278
26004124
29313444
16359075
26744867
15150575
17987122
3008051
7324484
23752115
9665412
2106973
30068488
10468300
24992906
27016229
20110550
15522945
30983127
26301412
21245718
28258913
28373041
27225067
11791820
21737212
27035883
3701144
7043954
10210766
15705892
29531130
3480655
23902290
27825125
24035502
9187944
25600260
32381954
24562185
28476942
17294573
29579127
29767464
2026356
18754431
25604140
22180399
30499260
21072169
17637537
25918438
19553815
26299803
25988961
30101392
15047231
30095708
19910889
19657234
7617357
17145075
7726696
16352783
31839344
31118609
3729471
18261928
32241875
23994535
29475925
23595127
12444850
23999494
8157195
15274387
19038009
7959250
25075026
10454680
14574006
21547690
23666744
28366545
2042060
1392812
12531611
3046337
3377847
16106029
27037296
2097153
24519527
22221729
20109950
500415
16174219
21387310
18584856
27690218
8433467
30109500
2505683
17701887
17177031
32046433
22214378
21941283
27587625
3826224
29633903
19481244
23020027
25347091
19344936
29420303
22936668
12586076
31398143
23010348
28704322
11597967
26047697
22209539
11333824
7804376
23749546
14745561
10786400
24680770
19849863
11520561
1234805
5285246
11235167
18036641
25895457
19603272
10499629
8635636
27167337
17195634
2214158
26577420
33088401
28602522
30249527
15066924
8001411
17467780
16087955
11337602
22366292
19615186
25398018
16515571
11128237
29054509
31056111
14574179
26603011
1543823
27206281
29758922
1767221
20556581
29129391
14529692
11588899
31849044
25041098
29935386
5702360
25944662
17575223
30527804
2223592
2258065
30940100
22726067
23321509
26538410
26364609
24469841
24857112
16328436
6578779
24056004
31214202
15059590
9700183
8635305
8482551
26575020
27241111
26951510
7515347
15938787
26645947
30058681
2770933
27354589
2382987
29369188
6635629
17719824
12414634
14675669
27746277
31273068
23312240
32500467
1500022
21787767
23672930
28942285
20421155
2549327
8231502
12911714
32364757
28625310
12057129
24848076
18756932
24590057
11829379
19194358
26492706
18840635
19887344
15304228
21075440
24898696
2404838
29187468
10534932
16557045
28636295
11930655
17695448
8314134
30706448
25872329
2079275
11083001
28931288
29769513
27141067
28260123
25476534
22609111
28800941
2661093
7967612
8429866
7273026
28859612
31362125
11084459
25042672
25524384
15863137
20538897
10807385
19615029
26646960
7743843
25446664
20009887
2654834
27881011
19124999
27488874
21131370
15128012
24675697
23142076
22045356
8861050
29781548
22605962
23021722
15721450
27870706
3039736
22187038
21654613
15839958
29929924
11915744
8889634
1427408
1772268
16174223
28870927
8312196
29303933
25573529
31954535
32993038
23945256
24534911
2685687
31967512
7877374
24642093
27533079
15047236
31223029
21511424
16948467
27142770
30071867
24146310
8244166
31861005
24503885
8149793
30017627
17512836
12893234
8408507
4075634
32401536
8876912
2308400
1964900
27334838
22138966
21742554
26293348
25243716
28328580
27995729
3882111
30303910
2286774
26475959
20204274
17848663
17540132
1407899
15381375
30503050
31825993
21391735
15315588
28427560
21319501
31570444
12117191
12770735
30475821
8004589
27597548
25750333
1548285
12586105
11592763
24453032
17502440
20599260
14597250
25938471
21637913
17302189
6543448
29551389
28499535
26390703
560124
32899091
20061960
22864456
14675355
31023861
28423573
31909464
24023319
27127223
26082063
10534926
14712767
24613919
23443953
19711487
30488208
32143328
27630342
1444488
14529655
8094062
26945442
21537035
9216694
2389749
9275408
23965899
3050072
24100801
15695397
19899406
27054927
9652774
19446316
26844708
16804313
7942844
246755
21674660
23061545
24745156
12448365
20979707
21791302
25268086
22706539
25823654
21571648
27444035
24272203
10871445
30182638
19138792
31703812
3289125
22270289
26314701
10667571
6796106
7912795
9215771
25405516
20370691
10843485
24997551
20693298
15921842
27127000
22489346
31983103
28152500
25957417
21431342
29132396
32703282
26382741
12205116
33602258
19125002
19258942
27028324
29185095
30640705
23796887
9103391
9684097
17343825
2269014
24635358
11321492
19697617
2241112
18245530
25330897
16203029
28068169
11326678
31424458
25423690
2119684
16080874
28854921
25298246
31515411
23223646
13129490
1561116
27035109
28029502
9625838
32456571
24865441
27737492
29128105
21913063
18057519
1403064
25752281
27193251
7522338
29036032
17367318
8123490
18546616
24660652
26911350
26785283
27502723
17021596
6781449
31519635
24280306
2258074
25335722
12397647
25565126
18823649
28536310
30456461
29039573
23372765
26513874
20082279
3164697
30036230
26014516
26986692
16306872
8133137
11488996
12820346
31546690
27141069
20067102
30226545
19952944
19527374
23200876
25223808
22750127
31029972
9215865
21317559
2459953
15637515
20966750
22472462
22392099
26197861
6191676
2209640
19832035
8449967
25450152
3640673
23685873
15217565
22331597
26996662
9010031
12146850
22182415
15262123
19247814
15029738
20439220
8408189
15173101
7590472
8625213
26012133
22349527
19014607
21892095
21892039
11586407
30712963
27701384
23913209
19179862
2079273
30338663
19948450
22180407
27101586
7844448
25967439
25925783
16337857
12385578
30558972
18926089
23650079
23708447
1303823
25886033
9920353
9615829
11000582
26662316
23208739
21833960
6168369
4040769
30121622
7126899
30119207
8573460
17062699
19945796
9367693
28822556
8033032
21349381
31655274
2539175
2013440
16594917
7951617
29084914
18346353
19293225
15115473
19769630
17363527
18698038
11987487
2355741
32211849
29489476
27482647
27824515
25450691
17291264
2347050
8259686
16829656
30325199
2065292
31140868
24821107
18030006
26751490
6768429
29135119
29843633
19121203
17435633
27692298
17242700
15198792
26158617
1511714
16966069
22997450
32538666
31403870
32495382
1787638
27082375
20561909
17408542
22805123
19955914
30133163
14764032
15863154
1877243
6423744
21237297
30933545
29299762
23416112
9591042
29750704
32474861
31059109
16447081
32494980
19953315
19407368
8349150
21769422
29718448
23615817
9561894
29103868
19780297
28498247
18056174
8482558
27321238
11237385
30509885
12586108
8039745
9819477
15262124
27935848
16965948
30390758
21515085
18465809
17354232
8631002
21691815
8808722
6524626
22251265
18349276
3505511
6836987
22657869
30322717
32176632
28423365
32050995
8549598
25900072
4413425
26763392
6435249
31197441
25190487
30401582
21038493
30833442
23933257
27160232
7664496
25063739
30104002
27806724
33517271
27338731
25482209
26097603
29693426
30256239
19227771
30412857
26068970
9469285
22045360
26252839
9635700
12893185
24244307
8173064
8695362
31527932
19887864
28160193
19604568
21372029
22080895
11791382
9698609
8149795
10728636
22942254
32053313
27159753
11205220
12094948
15548943
19305318
18959739
20614464
9108588
31868103
7705665
24059600
23644885
15297214
27241520
33288570
21541038
17465210
8635005
21892670
7991845
3463621
31416612
21276604
16425091
24377208
31376371
27440787
22044689
10831341
21114870
22687175
90832
1836590
25181626
31629627
15964710
27183435
8505173
12168891
27270992
19491256
18936947
7821499
21371489
12959189
18498135
11668487
23307252
20462630
1387907
14618620
23877013
9469321
25921216
9054239
27586894
15171047
22880461
16108112
16263157
23543211
22694826
9816009
30638469
11465869
25668134
29308680
18383903
30806608
30509079
16515568
15016322
28214928
9109088
30638937
29750302
16523622
24094667
9214665
15596278
19707197
4419725
16314484
31279748
29753392
15307976
22009736
9700175
21945309
31034644
27306290
11510703
8757363
28043152
28583482
21399663
8147172
3972288
7936508
1973872
1669546
27001584
6368331
28114235
21156726
10427953
7557611
21273977
25417489
27281832
27233124
31939175
12781043
20854236
20832155
9877236
15313987
8674568
8484384
961196
22964868
28628227
27757782
12837976
27450366
19899414
25260883
30759370
18501021
27155850
25739827
30178392
23988414
20099745
26638890
8314132
30686809
23426401
30799797
19270823
12401906
12014635
1800425
26530369
15882168
22901162
32039764
461811
17250443
7817407
18272913
1563845
8790521
15737559
32245422
30941888
25298213
16784025
19178933
31500928
12657110
17204312
4853080
24014607
9815962
31140230
27573704
29361803
29584739
20579298
25001881
10534931
2014824
27769513
16689692
18058460
24987915
9049278
31420412
31731537
8895537
29450456
25648541
12893228
3935231
14574172
28498255
11748978
1524954
6274502
17466362
30334464
28735625
29911447
22105249
26413541
28753677
17908147
16856265
9074569
31892329
27374141
26402833
23893381
19148501
12000860
3940331
21452675
7838408
29428978
23473018
7630509
22505474
7606202
26218581
2722058
20156131
30045136
1593759
10070864
20204502
18538832
17949798
14603558
17966789
12711999
18348300
16441230
10697035
17290283
2996258
31171119
11214614
19160094
20514903
16232182
18422235
29273308
25660999
31140856
30846486
10717530
28411948
26459120
2010311
26196319
17713106
29229394
6700855
31576701
19193429
11531272
2459898
28317584
29533344
23335534
15108578
7959302
21647742
17470582
16826427
10217079
10465193
20414039
28169004
21150601
11751447
26682662
26113942
15505879
21246790
24191507
25824616
26336119
25092763
11063662
29594361
27893429
9633842
31641008
21921803
14619504
6426813
18486733
24824601
2068803
21310528
19123201
28572168
2404560
12591730
30054097
23792093
11214619
30142790
12376517
17587318
8190038
18790981
1550150
16620051
15064540
25667501
28824051
24516574
1834149
23769182
9042272
15863156
12476445
21119365
31046081
24043563
32006618
19077269
30977683
28407998
15979697
20630576
23571109
2106972
10074982
30022634
19079610
9893672
10493522
9176883
24282568
18230177
22411587
7756182
19574400
22808303
22358139
19180921
1992720
22972000
30953675
29307234
21845402
14764029
31537621
24911597
6908876
25567202
28668159
25180175
25576886
31292669
23474708
10744092
4060913
24557531
17713088
26700621
24475581
19168207
10620453
16461779
6199441
22721732
19368962
20121701
205219
17211677
16204069
28842667
18786718
2836937
25872888
14552255
17948754
30138596
11103784
21246797
11775456
9681299
3191790
1398206
8490496
26849037
9463084
27465901
21254049
7633674
23468915
22093929
15954082
19279349
12833894
11324708
8471561
12504455
10807610
11766142
23702297
24378877
24334819
14133412
9345362
32579960
30407108
12057051
10971175
18423824
8228763
19258951
28385531
12552974
28324886
22884960
22200669
11294827
16285560
18604735
25846370
16917864
30314476
2803914
9062158
23709609
7907678
17176214
10746968
23775264
18456751
29750420
10985900
32535217
1548290
15990161
31368405
19824461
9788396
24327539
22496482
29643276
31822507
23397428
22524132
21613957
27863412
10366461
12821358
27207777
9475194
6388813
6687313
23706983
9669031
8549599
30104005
14751178
27166268
1423308
27329838
24341882
14990644
15361184
26851022
7083145
7789880
29468856
25586903
31279973
19841329
25380171
27502591
2258073
10949382
3393792
31239587
254741
15721414
19799559
27859687
2216188
23694978
7836516
15037420
16800262
21075439
24378878
25298278
9624797
29908480
25033374
6359295
15600165
23747328
26589433
21557636
27734523
16325244
19444085
17229460
30709840
28445129
29903044
2055231
17175500
12850192
23065074
3106537
22489347
10949395
19090225
23436651
7807277
16646087
3909419
12039099
3139507
28117030
29229600
27282150
29606854
24107812
31587803
23913223
22844394
8155119
25372710
27673289
15141521
11822989
16890558
22705705
30215333
638944
24094893
31236793
6340251
25975261
7594900
24321399
12607419
31147664
9648587
11034075
29218796
8119090
32202905
32336272
20975358
28797648
24965986
24265402
23156291
3328359
14521806
9190966
30253875
29693870
24151743
3418375
3906119
8088613
32649655
22078659
2042065
18801559
16322321
29809280
30554854
17362314
23828445
9887235
28719396
2140522
11461084
18642569
14574013
9138962
27056558
14984481
12801256
22169654
8411030
6861777
24304685
2978104
25055182
11161850
3338609
22415233
24961210
15477862
26980575
1894172
25833695
24172096
22246403
13678719
27793900
23283498
30731392
24462866
29509240
8091239
22241791
30896539
1358032
20398918
26410037
31403861
8533776
29602379
28260038
5422910
10739756
33113434
6087232
24096109
15611789
31898659
28614574
11337604
11408741
18536523
19427026
22180406
14654557
19917539
23921083
31145551
17505532
13970533
6539067
17273743
24607283
20421130
27812204
27314290
31587883
28355289
10405715
4348335
22672527
23769759
18300714
21339094
26893013
30129050
8402626
28857180
16102295
2595224
1962278
10470190
4180453
3343148
15617702
22180395
31693493
19058068
24797986
8099899
17634535
19069441
29113651
29028099
12972525
19661094
26254399
24906939
28655131
2999668
479521
10646239
22820082
10442337
29900704
25096914
9825736
17197582
29181409
29130987
12717416
27081703
7781180
25033684
17289883
28585317
22360037
27194129
22257524
25201063
19856604
22996112
16202319
3905251
1422556
20804891
23075747
29571014
9802277
23852816
27067855
15745682
8626095
22363760
19395008
57789
21875334
31657627
25163167
2702999
1544593
10921314
8319184
22484401
16482731
21905465
21372578
7651929
31810474
27253331
19223898
7138773
24600726
31506427
6690026
20578416
15032282
31199510
24504219
32223987
25375122
27641229
15237010
24825424
29664548
17549672
18781954
11497290
6846449
10219456
22045354
6445047
27626163
15934901
30133561
17504371
27788148
8314537
28645428
30610804
24521303
21435701
18491402
24061628
27825122
20573392
9504237
19331231
25588575
1516589
31081240
21214932
26091592
27001577
27003155
21541062
28263384
30855445
11444177
21221762
31385026
640821
10189990
4294036
19661093
2474810
20870704
25546113
19317067
19885565
17920108
28379282
11775462
23915006
6842780
28484093
5111739
1890315
26595060
2525510
14599878
9429406
20615754
752855
25823356
23820113
15726096
21966857
14649669
8166192
25028791
24645271
24290409
23103930
9138811
30095613
19081223
30182276
28101941
28976616
7959295
28699130
23933413
1832911
8018482
12865193
25862895
24419103
12117196
27028996
22884369
10736959
18760845
22044688
23863533
15589609
23704245
15305182
11380298
15140370
28808929
27401557
18349819
7333310
20574930
21329656
25637316
30633343
8672926
18634361
7672700
21868285
17519907
10427943
16518475
29251290
8635066
27352573
24464488
10830772
29331665
30311581
25640349
27566683
31362750
15571962
7023667
19828085
20423514
9036870
30053074
26138012
12649192
7746167
29943836
15134674
21728901
28797156
22740003
17229770
158455
25407815
28641043
24772908
29203396
7581093
23765559
30502327
21997171
30700499
26565119
18942711
25277199
31403863
16098010
3308067
24169250
11034065
14060714
15754417
24388871
795631
26741154
11180590
24020134
26408177
22010392
19360465
32382787
4687884
28934637
32744015
21383855
23332575
31754391
23849309
24023337
16821742
26299990
22378599
22266023
7333309
26072441
22321342
9283112
8253553
19710615
10883020
8259850
29394693
16515583
10671677
31980220
21267012
12195097
17997147
27354067
19955932
19010521
7282803
31575615
10219460
10883023
17083841
27753056
2347046
3966024
26669862
22343228
24512929
1813211
29170132
12783691
31351062
30851097
3410355
8640783
30049195
26714955
29458907
30585294
24236050
30306576
1196699
26110901
32443311
31389674
29433824
27997418
27092777
8921520
7665223
25238494
32416900
32705686
10050979
2351321
2669920
3803871
15327831
20865022
19777270
11269742
18667686
17404014
22579106
29551565
7701488
9563652
26005053
24199689
32285600
25306892
31447071
21410338
26046583
27036110
28040685
29719287
12019173
16051342
8276294
31135262
17159813
17619055
11788531
12217741
10206409
19117058
32008036
14751152
15322314
527267
27292260
7957327
27527602
9540942
29152737
8150933
3688953
155218
32727807
19623660
17264334
29031318
25294198
30946328
23262209
32186777
30107189
8500492
6524625
10883019
20194855
2845169
22341613
32388811
7406165
31192371
8439465
28893108
7705697
21516127
17506259
12903449
26363302
10029077
18006355
16722444
15466974
15665311
30687999
31388197
30114962
25913133
22344746
31472684
27435369
16618757
16880779
32033748
24832894
22892054
8467455
12918074
23714500
3209301
32053314
9472094
28561656
27051052
26409552
9667661
26526233
19175039
7635238
10606476
30567893
2079302
18154597
18519753
7827156
21166510
1476143
11401524
30543142
15026475
19179094
24946808
21984693
3857939
30219071
25127713
25921171
15738608
30408550
29759073
19267361
11330466
1506730
20861144
26934358
8420682
2095893
16445633
18423470
19480250
30915736
27197526
17006426
11798834
31818116
31630846
24665911
15785743
22333994
15086742
17032502
19258952
870170
23523591
22687686
27259061
2013047
30528360
28815456
27807074
11744954
30348886
8996142
18622615
10810438
28763362
21281051
25197976
11775452
3481339
12663721
14656281
18248392
18080718
18791714
3356210
31747661
9876656
22367320
28785836
15857040
30243303
22759793
8040325
20180808
26691219
18289825
11435015
10739690
8270986
27429195
25433947
6371015
22560758
23541794
27101098
20704521
16629513
17909034
21872237
28438874
16051335
21958535
30995948
22335024
24320162
31349996
16404323
9931922
8059620
29196616
21778319
18794088
30720119
29468525
31311023
2447510
25766669
2960371
30255380
7045417
29566010
11574135
26556769
30969083
28327095
27166196
31081309
16437527
19509553
2181310
26050353
16987544
18026186
1304531
27439399
15248931
26027602
25864591
21642044
32254065
24819120
25449311
19955916
1427401
23148752
11683778
2105811
26501422
2150399
21324791
17497966
24023282
24470135
31553234
20721959
8015760
33556170
21377312
808259
30191987
30448260
25996531
25285166
28578489
19031942
12468355
25703674
32166682
31210289
16050569
2013444
3919831
9511993
22648987
30642626
30240899
8605142
28594391
23056368
25462203
30129640
27809878
24273914
2144439
16518435
31409361
24954887
30084434
21445297
20968025
28388957
18504578
29192414
28578437
7837875
31542099
24804215
26574635
7835796
17634950
9757217
17022098
16720921
20634209
2008088
27341345
23096450
11426971
18570732
17847936
10498416
9459083
17644243
1634139
29693874
16085232
17441888
22426961
9797696
20356529
12606882
15913737
25864408
19223560
15771641
22694828
15161446
27602952
9421092
28692634
15735122
15128007
16749367
28921792
25424060
21122376
29669528
22153125
7130243
18087816
28890378
7235865
19435686
23438850
17200364
29767862
12138495
6823374
58152
22771308
16008891
21970882
19356887
25834912
29940750
6435854
14574171
17088903
16677695
10094876
23467086
8504995
9234933
21941966
30809696
31403864
22996105
19638480
16047375
12144814
3250811
3816401
6795096
11535987
22010393
15228414
18314620
20648695
21265392
30895619
21264536
30232581
28730323
28654894
31983100
28990249
1448260
18314181
23503975
16431901
17687166
2102307
26341709
10419737
18662417
14500397
29436681
8423016
1618220
20559706
11748980
15688622
20671603
27873492
17704402
4962186
22252097
25172040
29187928
25955305
10974635
17109443
9159331
2670695
28818073
24562705
23894390
10982249
15133774
25524187
20845993
30896654
29269126
841262
3355983
32366274
20037204
2050370
9754780
1234632
16569424
29069949
30149960
31567308
29091960
12109803
21471855
30476914
25245329
24692682
12144829
7712875
20055715
18211683
31385100
25738998
32046413
21511784
15817592
10680335
28931330
2402928
19188485
22439413
1739629
30091444
12798725
8352830
30194159
16174231
25422183
32512936
23747291
12464584
9599087
14997326
2221264
31490008
17076189
31437848
8796881
2679430
30280763
23503972
19560192
6309616
23394580
22850888
26930387
20362235
28729634
11748973
17325738
21721192
27861355
1687521
14644284
10765126
2480407
2351322
14569865
21326326
11776033
8464130
8647363
11822988
30952722
31488087
22613430
19711131
22920215
31513316
30545630
12373592
24136742
15491746
26813784
10887255
20547442
23666016
18501326
31264436
29194596
15466376
16012182
8030726
16344429
12079305
30122348
24423879
26685161
10810398
27141074
26661829
2298407
24577894
18362067
11263939
6396175
6380695
1603491
29215374
2714347
20824713
24170201
26317761
19047091
15535316
25038052
19225844
3162682
6177671
32017945
10824448
1904305
3228976
11798816
12514563
31010415
1476141
24355485
16103746
29359324
27121065
6431516
7121514
14656271
26617749
32088202
24324072
21414656
15350359
2445293
15311702
7390646
10523689
27074010
27888704
24767708
18057528
18164380
2014086
27328898
7116320
8599801
3583391
7789889
11942049
28476025
19706935
9882211
2394479
30819054
27797265
28406844
31983101
10810359
1496649
18483368
21412158
10331967
27105689
9275024
304546
22388872
6823373
23725446
12036914
29186085
23921280
2758381
16360812
7724757
6193921
17692093
22180404
20529532
26277668
20518891
11828269
29783075
23781694
22180405
26137480
3379761
22699932
8922304
3700163
30827507
19695688
26428673
19953551
31730595
23026047
18165631
10567117
24114859
32139438
11324769
10556527
22155797
30142661
26036311
2893964
31823759
179919
3625397
20388222
23716468
30274777
21029944
3583641
19549322
16112174
26261572
3912698
463409
28031535
9919441
27141076
30698069
9192828
26149814
8555791
18488714
2639615
9170483
3721312
30250326
22430712
6906280
16515598
27514841
9826472
30968388
12706278
11373105
10477869
2274087
23939457
29157627
31233194
12468352
21764430
21383297
2290114
9916926
23185811
7156580
14505256
28574929
31480859
20578777
28988028
9654594
8497368
23190436
29450480
805659
28762650
30463683
29381731
21469142
10632345
31153921
26878598
30907434
15943989
12210689
16495917
24622501
27776341
8428108
21420680
26935408
24756776
2192410
11501326
27629537
8244182
27141062
17096159
17617522
17164587
15546230
26172511
3480916
3760480
11962260
18488158
30269869
7647063
3467641
532873
25626535
16483145
1795133
2300355
24172095
7838415
32051558
20943617
23098506
28150354
3082641
17666975
2007614
18714397
23150173
16803473
18546622
11431324
24910423
28231729
26055813
29605049
8906133
27578826
20388201
10021304
23314280
27130407
26967059
25150550
29520665
7640221
27755234
3576080
16417652
25045435
9850649
31449512
23069641
17687165
20042718
2429947
16188300
8755457
10475127
14755360
32570116
25385738
12600297
30221689
10732741
19854495
3661128
20717669
31922238
21487811
5111748
33403660
27065456
30422797
26051328
24142821
3108215
19246966
18948385
28830645
22161225
31605337
7995054
9180146
29669843
20698810
28049216
17099938
28453440
31954071
23921868
11340759
22533780
21795409
24237932
27444036
25524538
28218038
29166829
27567332
8901311
1362146
15863184
30639456
19798552
4692468
22644142
15846205
12928351
8624265
9710369
27188274
10600294
21619709
27651027
17943850
28771721
17274815
5065608
28718444
22443985
27655640
12468193
18154204
20092790
28043743
24970804
12959182
11772158
29450526
32514757
16521688
32053312
9721791
16136895
7981075
10479489
10037104
11676307
534967
21270606
28758939
17496308
10025849
2431962
31587884
18059191
32021105
19395998
9143399
21571355
26072440
25211326
25666512
10806689
23895273
19606050
26928419
28150408
8200369
26838232
7835814
30200903
554105
29475933
18280808
24060198
8629912
16199080
23813336
11396354
21944959
10461054
29620944
22939013
18843859
30132561
32222147
19846211
30145687
30536513
26214617
30993482
22854652
19391138
25986734
29086914
7993640
29753625
28594773
20345474
25877700
24893837
7922985
837334
28476165
2345570
12576447
28187092
11351375
26079730
25073779
8431895
19301134
10071969
31937926
12152286
3926956
28467978
14687890
25560145
1593760
26776197
31781333
18372511
24025360
29232469
8048395
9090476
24016481
25006190
32252772
22619932
6873089
27374179
9194627
30003748
31660844
9864886
3607741
32768148
21990294
22656322
30846332
1739630
1922489
14532949
2592813
28536612
3280789
1743549
30712886
27739315
24563078
11078613
25750315
2230993
19432581
8004901
485424
26973172
29482749
11724319
21778308
31075061
31953350
26115974
31835157
16525643
3875027
32401768
9090475
8375727
28953134
22795124
29193313
16515634
23354370
26464699
25416440
18201751
2181311
29653687
30223694
12633763
19074590
24103524
16100704
23091899
30726104
9293680
24366402
7658809
10973125
24468455
17065769
19959422
4317785
15331928
12468335
11870167
16787549
17674165
17373668
23830352
27391357
29494610
7602348
10459324
3972286
28753534
8831743
22369209
30695566
23726888
24111925
24962381
20138251
32423054
21270610
12174952
19032364
18236213
9583724
403331
25499720
16831280
8001879
8631561
10080074
18801470
16380413
22047635
6784919
27486869
15494657
15823102
18196998
12540502
7284969
16256181
7992995
10810207
18546614
29680194
23621186
28668900
26242147
11015170
16270321
10465192
21077476
25370788
8343261
15661245
16885657
25132263
10235027
18057527
27631815
28165566
22959458
16284375
15017133
23124353
30316718
30556107
22977163
17681474
15361855
24125682
31411802
29175377
32151544
24131973
32561967
23148637
21132314
1511124
23983047
12715380
22400488
9625857
2249065
12133406
18172771
25675045
31026505
2489924
5628974
17115108
16446325
23074172
8918494
15042687
19052485
4325742
9714048
5114469
3195563
11230467
7622114
25286788
23994105
17372244
17068691
15185532
26122654
21187454
24038194
5852986
20670949
5840612
26683819
19823056
29174556
30328515
30314669
23128397
7844799
15525864
8173162
3725169
30898156
8305221
26908019
3431138
24246773
16831230
23913234
16775178
29934103
17949970
25392123
24031041
29605050
10486320
26387962
16515564
21125296
16138005
15755631
24586866
24044611
18006921
2703182
31077012
8995557
28108288
15205331
12821070
18063020
28751443
16845434
12586078
29424889
9454659
18544459
8690293
12569579
20308826
26112923
16110018
29232472
3101659
9857323
22558117
19609295
26307679
11176234
15061581
417411
17250434
26136338
23121234
16145856
9796976
21752434
19802692
29966369
28676621
19623182
1607250
29885837
14522325
31485769
14668547
29335712
30376554
17353644
9190729
10900943
17177833
20832104
25139548
11783394
10818454
15688406
24762228
4038377
28398407
25239830
3653769
10502421
12172391
3866801
20014885
15531862
9848294
16886597
25040968
13678735
25230716
30414739
24880189
23560387
8983269
6401589
21074968
21046495
12440810
32224528
30474570
28041690
19943941
18065738
16898094
16964388
14504048
1157008
30171086
28377359
25159293
1333018
7705691
3084685
27858363
30506281
7664262
29079707
12713985
14769635
25198110
19835627
17875710
29509546
1911209
28826572
24607285
28148293
27238739
30336465
20101213
14567018
31984955
19731050
16053037
26541980
23856825
26616226
9815916
30277596
25980896
16445534
23995842
19443175
25189423
2227587
8372851
10862439
29726819
23878800
14767617
19671017
25429060
15153938
27453264
28975405
31766991
19072641
5088214
28092975
26926833
10206407
29533028
18538088
5625661
9887233
24872956
29453799
18820368
30468459
24192793
12492084
29203668
27567053
11446487
22967799
20598155
11910332
18198490
31064757
29232475
28114233
23270808
11526720
30594550
28114283
24016479
3637272
16399219
27191653
19706936
15839955
11801533
20845480
30181600
11821450
25064250
1764384
32141533
19574770
29661778
29904979
12821340
27768222
18405947
28038455
24465580
26934631
27038607
29771717
29742691
28326819
19856044
27655714
17084623
28259911
30753695
29700289
25376937
31273066
30718431
25158037
1622128
10574252
11032931
29685481
9193322
29878375
22585860
31542249
9863919
9262302
15535311
25142628
30811915
23343856
23677070
30383866
31703725
28738296
2895247
22713669
27798887
22395474
27931283
17901820
10749023
1746921
9740696
19728867
22228137
15522179
18294977
4722922
24879340
10488607
28393213
26610586
22216282
16153692
10831343
18541419
17578358
32446360
20567915
15794056
12376742
9494551
15024741
485418
20386556
11585429
30892073
1713052
31061066
18824876
20975355
18217966
2849690
29079037
4634641
12237896
17547437
16188301
24919266
9402163
8157203
3849794
33308865
20367193
26397066
17219805
27881002
6163013
22157028
15164121
9234929
19309638
21211896
12160914
25284038
16030107
16043214
25230215
1894174
27804983
18425357
26714597
18208802
17708351
20300634
17726864
21339995
20523089
8000954
18498063
29660466
26542594
4048980
22160925
18567002
17355108
23202778
27667654
1738174
4092580
21269667
28366546
27821315
26779627
10214508
21423607
19960504
23755990
3858562
31066875
2371031
11142757
19305320
31868884
8077050
20035540
31920123
31981507
25872338
28472603
1695049
23292799
26675395
14522938
11855877
8168061
25767946
9740686
12462545
990213
15615591
20381038
2197240
10853460
10071972
25034878
25115793
3219276
24918817
28730785
11925927
12470522
7405477
28027999
24335142
6193919
20601305
8463040
11161856
16462852
17848946
19701772
9454660
21183387
22752027
32813115
28911259
30776206
30377941
10728524
27793127
23156299
27098274
12974092
25337238
12434665
22733095
12959187
22180398
21945764
19670446
18572226
27312585
25910705
26507869
25082067
25062114
27815305
23889749
22833000
18648354
18651882
30095327
2731165
22757735
30149579
3756842
20935520
17269733
32892474
28086946
32208363
14746861
24641401
22915194
22269942
17290587
29561300
25695953
10563477
29131262
1234802
1423860
28677781
19211137
11371144
17009964
25710852
12503096
11045795
26378042
31381953
20132968
8420675
14674107
25030441
27863439
25085807
29504361
24742319
29877815
29904922
11520153
31304678
2234778
23383254
9764634
30267880
26925679
9852393
16051330
1742738
25941918
6227956
33140629
26541072
24685617
3790473
31939173
9390065
2925274
27956521
15516850
25681684
11376676
3688339
16712459
22032835
29630105
8433466
25216515
8151892
12948288
15906030
20126991
2651469
25481800
20980697
16580355
18981709
24932080
23807572
1394042
10674590
20735432
30610801
14749677
29486993
19888592
28150407
16451773
8999706
4601032
26981633
25893279
29037806
25091693
20229258
30194340
30889383
26091936
11146456
1659852
24515769
23167357
10840930
10215438
1415131
4764903
31947862
2653233
3965102
21517267
15598928
31215124
24434149
26148191
14661039
16243809
16859738
29869089
22945450
22867867
24848511
17309560
27906676
31640760
21077465
9119290
2737534
9639737
15863663
23604800
28891089
27299695
2564410
26561720
23024013
16563482
8515557
23393326
16866799
3220081
8589239
2227572
24385383
27513319
23592142
25015863
21543942
1603484
3445385
27438831
22941335
15052181
1520388
6845850
32740465
25290619
24372433
19035463
10342666
8112644
26350514
31108164
26125128
30114318
1300762
19302283
16595149
17272204
9435808
63996
26244529
1300277
26220095
28591727
2078493
1825026
24246524
24623742
3591059
2079296
22647822
6653033
26050923
1476142
23942298
30178833
9166515
12146851
18714583
7854492
31940991
23228410
25270739
25139656
24100381
7875158
2028919
16144889
19319830
19135233
11205314
29483415
3343836
8135676
29298771
26995493
17140506
28166073
11729475
24826982
33517302
8841216
1694870
16227411
19656158
29693888
31586203
8971535
30014256
12713992
28956746
16821613
29239915
25248113
24802724
22104389
15187051
15218299
25891226
17343903
29455183
31202269
27802202
25014539
16835815
23708323
2620051
16115232
29724422
18347430
12971248
24323399
21585434
4692473
24247932
25838397
21340004
8420684
8420679
10873414
10613607
20215782
11284457
22101807
26141064
10600320
12875728
11848523
23683551
18990031
24973953
26166806
15014034
17353087
31547654
7891967
24429354
15661246
9512334
10372578
16515582
2635636
28536706
5722884
31702036
28978897
24033121
32294364
30979733
4216276
21633300
15958727
27159764
28209595
18080446
29660518
17643440
27496093
15162825
31718609
25968072
24195525
15973849
15535283
31087004
26001052
20930628
7777869
32294365
31613721
19204912
30760538
25296567
25217774
31537620
23196757
19104354
9458361
16261399
31409076
31125329
14308884
31470883
31340777
23206463
28546526
10073996
18837853
20309936
23020026
27083386
26451749
14755889
21762355
12632763
1874572
22136730
26477861
7654041
1869104
16941453
8198091
21912266
28664898
15099946
28499074
20726830
29575880
11479231
21195955
25861644
8244168
21054125
11241323
29587273
18398031
15345112
12893206
31083274
30019801
32169072
26463832
23609236
19662088
21625518
3364939
23569131
27586145
1193359
25846738
30786925
1612093
8041554
30655321
17578375
27835595
27787915
1678102
20730571
25556333
7844441
29970704
23178313
7712887
23948303
8961970
21721203
25564455
20838878
27136318
27418655
27353314
19011357
26905334
23941904
8747403
10228905
6375243
26751131
25602100
8133627
6553931
28173214
24188693
31622217
3028756
11042574
24403514
29661721
29787004
19208282
21378361
11874070
29753662
29020821
21549107
9883790
24088247
22248469
24631948
27776991
12713563
24444073
20088673
7304555
10615232
28730795
23269354
12967959
26893100
12807253
19258946
21885986
3530429
24827854
11328220
25839163
8751566
25628373
3802026
22158331
21286802
7967985
8732644
13990808
16942793
29039544
18365540
12364570
16556056
8853514
11029531
12051879
31385376
24144916
28617852
23138163
27251670
3005691
18214033
14707451
24599287
19256769
32141532
23340297
1869102
3328360
30556928
24433733
16783967
18953870
16473397
9415688
28864132
15738016
26572940
32132055
9156710
26063953
11839501
22873112
7496134
23307065
23838408
8448085
15114712
2703171
16179930
9625803
10559594
3139281
23583217
11972401
26995939
20349791
16944535
17071638
22045353
20700108
23290990
22897840
21616523
10952119
2032235
519242
1427402
18443964
2043491
25312398
21692061
31472328
26178959
25554012
18561112
28545269
32641415
21919121
814712
26813589
12941839
29308068
10465194
16144894
31337645
26986492
22355885
17217888
29324540
30376358
10228898
23342265
8933839
8314142
18341416
30652548
10631462
29949144
28075407
32372152
9193327
19708948
14629806
18311479
14718214
27177674
7911254
31805750
11488179
26393445
156941
32390605
22449732
32845005
29970572
16998496
29693872
26691221
24535363
32059597
31633819
8797514
18217964
21697678
25611897
23268403
23276584
31385416
19800108
10479500
8151893
25176450
16112085
27909907
30168853
17949796
15228415
24680597
22818854
12488287
8623836
9337696
27669704
20070720
27119352
22852552
8277211
10921034
16417086
31550677
25310032
25354091
26027227
28254228
31023965
12466746
7746172
30833444
10739507
19365809
3353075
26500096
3141249
9155518
11045219
9209663
32050944
16842843
11580729
9070693
1931614
31744886
619324
28029302
19077237
22527170
3912692
1606122
31907059
2920955
270636
1009601
5137568
9279601
27890326
26096019
23178277
25620544
3467109
29735311
3880501
29251676
11905776
8089618
24472409
29621774
8175007
12442265
26607901
20024633
26617713
21557635
31469423
31793719
27152024
11747321
23917082
30348741
18182362
16150480
7065575
20539322
24200999
22958293
28765957
32141535
8504998
19447105
30791364
7726659
16885651
27222041
8086353
17020672
24362714
22381113
15119107
18001208
27051274
27579331
25212538
9422987
27975064
24533712
20569256
21276234
20488646
31351675
28116735
9386050
2956173
2719531
23913229
22678738
15790456
23891789
23221605
23301649
31952843
27321095
11079131
7958378
1813206
28221868
25093289
14996861
21244617
14656270
21117308
3410350
24612526
3915159
17617519
11530581
18303408
22862176
22274315
12233039
2417787
28802053
2097149
14766249
21600635
27095597
22933054
27385701
27353822
24124770
11526730
2842092
21592951
22943881
30691488
3605266
23803010
26935058
1579296
1915468
25172336
17661908
1290026
5975335
26515598
24749337
24084554
17982121
32675438
16622116
9748145
24008309
26820579
4692474
509144
22889437
17215078
26804173
20221693
22773373
19621530
27238084
11641787
9287234
22344043
7697606
11875731
21841490
23593287
18396517
19067848
11004686
10228906
29282679
25295252
16167920
23555212
18219286
22497737
25423696
23345056
25605177
25344339
2693069
24931361
15823105
11145091
17761706
9299258
24063283
10385545
15784749
15770211
19567818
12215271
18294057
24748377
15108043
23109896
19371633
17627025
26045776
25310727
23835506
26530441
28373423
14506734
21068714
25971716
27840988
8270604
1454673
22119995
17009644
7298402
30342639
8695226
2956592
25323905
20204956
17708542
19023144
17493177
22753899
7977516
7793165
23040934
31450846
24602453
24728670
11805588
2056222
1360888
30485824
16871838
3337522
14522380
31577838
31746467
31477282
17953364
1468701
23056557
22429801
29767861
8094702
16514251
31180526
22452068
15968547
6469084
30806069
17164386
28007588
15480722
33036254
4038723
21491939
29693890
24700802
8857232
2910775
25181387
31472965
26983899
7833316
24486602
24563459
26540155
1340764
8958296
28166758
6424969
9066674
3395555
23913204
22895067
3116309
24266423
20099488
31388982
29153542
1583786
26876923
9280465
25174623
26305032
18196999
9840559
28449586
19577277
31096435
25153678
18319717
15790446
32414285
2058326
8151894
8431861
14760385
16971669
12114872
10470184
23731020
12591736
26032603
16585923
22484399
25142621
21864886
27617576
30762809
27012551
15307975
26731315
17891393
23288509
8514099
28427047
18786288
27870703
25432698
25499602
18723214
18347173
20665885
31473928
11689287
25944803
28651169
28816359
31212758
3967261
8204181
22343230
8135669
19544975
18333950
28856729
2314787
14735581
6988131
5040741
30014164
26434898
30614834
28671994
2771137
32058624
12781358
22369276
26801746
31398175
25597268
26617728
17355798
17894799
16042759
18312450
15902502
27017984
29037569
8417816
30714597
23313737
28931403
30019389
31843872
16199620
29514738
27190995
16550962
19034513
16951150
16620190
28979099
19281587
8875917
30876674
19266357
1234627
23262376
7549799
8760716
28901502
32203723
29322800
16343259
29793803
57828
8713518
12855653
18646664
11897832
1727929
19695689
17919701
827023
4986238
8434965
29280223
17223544
18317226
27131312
21498635
31727867
8995558
10545802
31371750
8899168
24460334
24386165
25369910
1684294
32176629
22850413
25328074
25695542
23807165
9790804
29558748
3947382
30036226
24932220
26556866
30712018
11777194
7778428
14581349
19106637
9853761
31242460
2961017
14675308
32042020
28019080
28188862
27371774
27447625
30360591
32206877
11780367
1892210
25434434
21237490
15164884
23790174
20936567
21799915
26345746
31610317
20483517
30487595
29881257
8824371
29793804
12893182
1592279
26552643
28772285
28044937
21106231
19124477
22801546
9390546
26662955
1290025
24212085
19906413
21042593
7590493
15285306
26384808
3236393
11244333
27531571
28071628
28892220
20882882
4434327
14674127
27444787
11948121
13949785
17479675
26266765
23315066
21223799
7841052
8630996
23558050
28816710
20619446
8244178
16550963
8849961
30338716
24782132
23381004
8423012
16806435
28395896
26306726
17442207
6310399
17682545
31989349
16450747
12271811
30659124
31124636
22868811
15347474
8371015
9470842
19782670
25582317
31472245
31969252
26363097
27075229
32448432
22090022
4280108
8519669
28588323
22990536
19112514
5741563
8307496
24146279
25421004
19885841
24777667
8151891
7591274
22849543
26530886
15661227
16819291
18336399
28392129
33164478
12011929
30092594
25975373
22873358
19738608
7512886
15493184
17656616
24616544
1874570
25191876
14251651
23623180
17565840
18187805
23477323
9833785
17063264
23999876
26593252
26554863
19342031
17355109
28596446
20844748
12783692
21761365
7561242
30267152
9600815
29718440
7590467
26251364
5879371
30586521
22317867
23156311
7070729
27322682
22534555
25712684
30024027
15047928
19745748
19383883
15361190
20683007
9091664
26390704
22180503
9622173
24715221
26589767
25981664
18334710
19036008
19145430
22901125
24722824
8420689
32433460
31159852
8129385
1894040
17288520
11292192
22708332
16122202
28580507
18509730
12733127
28763204
32444701
8690281
29622384
26948925
8748237
22414968
22123593
20683404
31852138
27689695
14764028
9435806
24602386
2434227
1986177
8204923
32197606
18448554
23529305
3296736
6889714
7024883
18632117
498897
28683725
17898808
17385192
15598752
28415744
20056267
22123592
7821839
6583507
32345672
26415811
30102555
2591552
19134206
18684498
10235025
2428459
24119905
21501003
32501991
15389697
22120672
11219474
24018557
8755943
25447706
30384980
26296970
23815710
10362101
10707728
25749384
26884841
20027033
31839342
7248914
8343272
32560563
6390459
21399973
32840618
26191143
31402165
2001340
27919964
23967548
21245430
22117965
11921330
23935463
12657114
16352267
7955749
19125176
18207130
16716797
16402374
30086572
24864239
18563251
11142693
25914961
29299659
29986501
10926815
22515523
25841586
31779287
15581063
23335517
18567796
19909010
26461453
9065993
21299513
2188880
23913239
12586094
11737475
8682589
4016745
18681958
21799430
31081307
28029317
2592803
1517791
10469755
11326158
26930388
33295974
10767382
9464045
17376671
27975129
26452130
25110330
28117100
31739760
9713298
27462919
29957561
16159424
17625417
11783069
28224447
30061175
19854294
19775995
219695
23954903
3476335
2070324
19245174
22532453
27306792
27045477
21051968
10706652
4063134
8422635
2737527
21945308
8634992
1752488
23583417
9616560
2623877
22775335
25116401
26193797
8471881
16014112
30290652
17571963
32021086
9378167
22022379
20556786
17466363
29324448
27531373
4296050
24531715
25929245
19294737
8522723
24027083
15713966
8776600
25261641
827024
26590674
2405997
24766781
10404091
25348513
3008052
17023033
15850909
29740664
12644819
2170549
12821334
25722112
30229424
8281624
9823697
22773217
8744731
29437202
20638108
14613650
20564980
28460443
25888305
31315664
23537295
1568801
1495694
29504606
26915312
19819742
1560038
30712025
32006216
23675882
11589066
33020491
16909097
2713253
10397458
7203157
1092171
28950307
24662327
21983859
21674853
29659167
21699682
30214620
12821345
1382925
16344461
8003399
10675489
30609691
24198243
3345783
29171986
22198696
15661221
17998717
21668411
17416858
3614298
5378369
11992414
1783872
28389631
28472558
31856850
25195148
29709478
31406154
1576345
6410311
25624160
25953509
27979415
18497028
30262600
11176232
31303616
16343231
8752245
17634533
10071260
10505039
25630839
16725012
8692536
26398138
16462890
2630676
29802567
31553677
2208162
28844539
24573179
17510589
14531330
